1 4000004a 0
2 4000004d 0
10 40000052 0
11 40000051 0
22 20 s
23 20 0
24 4000004b 0
25 4000004e 0
30 40000050 a
31 4000004f a
32 40000052 a
33 40000052 sa
35 72 c
36 6c c
37 31 s
41 400000e2 0
42 66 0
45 66 s
46 68 0
47 2e 0
50 64 c
51 6e s
55 64 sc
56 75 s
57 75 0
60 66 c
65 79 c
70 3d c
71 2d c
72 30 c
73 40000044 0
76 74 c
77 77 c
78 77 sc
79 74 sc
80 4000004b c
81 4000004e c
84 4000004b sc
85 4000004e sc
86 74 ac
90 6a c
91 9 c
92 31 0
93 78 0
94 33 0
95 64 0
96 65 0
97 32 0
98 66 0
99 72 0
100 2f c
110 73 c
115 78 sc
120 75 c
121 65 c
125 69 c
126 2c sc
130 76 sc
140 69 sc
200 40000043 0
205 2f 0
250 31 c
251 32 c
252 33 c
253 34 c
254 35 c
255 36 c
256 37 c
257 38 c
1004 4000003e 0
1005 4000010c 0
1006 4000010d 0
1007 4000010e 0
1008 4000010f 0
1009 40000110 0
1010 40000111 0
1011 40000112 0
